325052
325054
325055
325057
325058
325059
325061
325062
325064
325070
325071
325072
325074
325075
325076
325078
325079
325080
325082
325087
325089
325090
325091
325093
325094
325095
325097
325098
325104
325106
325107
325108
325110
325111
325113
325114
325115
325121
325123
325124
325125
325127
325128
325129
325131
325132
325138
325139
325141
325142
325143
325144
325146
325147
325148
325154
325155
325157
325158
325159
325160
325162
325163
325164
325169
325171
325172
325174
325175
325176
325178
325179
325185
325186
325187
325189
325190
325191
325193
325194
325199
325200
325202
325203
325204
325205
325207
325208
325213
325214
325216
325265
325266
325267
325269
325270
325272
325278
325279
325280
325282
325283
325284
325286
325287
325288
325294
325295
325297
325298
325299
325300
325302
325303
325305
325310
325311
325313
325314
325315
325316
325318
325319
325325
325326
325327
325329
325330
325331
325333
325334
325364
325366
325367
325372
325374
325375
325376
325378
325379
325381
325382
325383
325389
325390
325391
325392
325394
325395
325396
325398
325403
325404
325406
325407
325408
325410
325411
325415
325418
325419
325421
325422
325423
325425
325426
325430
325433
325434
325436
325437
325438
325439
325441
325442
325446
325449
325450
