325366
325288
325269
325194
325267
325364
325185
325080
325394
325106
325382
325190
325325
325189
325054
325486
325334
325480
325108
325064
325482
325495
325082
325327
325311
325450
325513
325266
325330
325076
325284
325499
325127
325316
325404
325074
325462
325315
325062
325389
325436
325449
325282
325179
325481
325314
325079
325396
325089
325498
325437
325477
325333
325059
325265
325426
325104
325175
325052
325186
325528
325163
325514
325057
325216
325155
325191
325326
325141
325527
325146
325460
325491
325299
325095
325128
325098
325376
325070
325205
325425
325159
325097
325213
325193
325515
325483
325408
325434
325319
325381
325379
325143
325467
325174
325123
325121
325058
325331
325176
325318
325110
325279
325378
325172
325169
325329
325272
325430
325517
325072
325187
325407
325395
325439
325091
325111
325438
325488
325124
325422
325154
325485
325456
325418
325107
325406
325305
325525
325129
325300
325457
325367
325520
325125
325391
325214
325451
325473
325202
325522
325208
325494
325094
325392
325421
325415
325454
325270
325200
325132
325302
325500
325423
325139
325147
325403
325087
325303
325157
325061
325298
325090
325470
325310
325148
325453
325199
325374
325164
325446
325531
325131
325441
325506
325297
325295
325410
